 &plot nbnd=   8, nks=   334 /
            0.000000  0.000000  0.000000
  -23.779  -11.868   -7.302   -7.302   -0.949   -0.045    1.754    2.664
            0.008772  0.005064  0.000000
  -23.777  -11.866   -7.309   -7.306   -0.946   -0.043    1.757    2.666
            0.017544  0.010129  0.000000
  -23.771  -11.859   -7.332   -7.318   -0.939   -0.035    1.764    2.674
            0.026316  0.015193  0.000000
  -23.762  -11.848   -7.370   -7.338   -0.927   -0.023    1.777    2.686
            0.035088  0.020258  0.000000
  -23.750  -11.833   -7.422   -7.365   -0.909   -0.006    1.794    2.703
            0.043860  0.025322  0.000000
  -23.733  -11.813   -7.489   -7.401   -0.887    0.017    1.816    2.726
            0.052632  0.030387  0.000000
  -23.713  -11.789   -7.570   -7.443   -0.860    0.044    1.843    2.753
            0.061404  0.035451  0.000000
  -23.690  -11.761   -7.664   -7.492   -0.828    0.076    1.876    2.785
            0.070175  0.040516  0.000000
  -23.663  -11.729   -7.771   -7.547   -0.791    0.114    1.913    2.822
            0.078947  0.045580  0.000000
  -23.632  -11.692   -7.890   -7.608   -0.749    0.156    1.955    2.863
            0.087719  0.050645  0.000000
  -23.597  -11.650   -8.020   -7.675   -0.702    0.203    2.002    2.910
            0.096491  0.055709  0.000000
  -23.559  -11.605   -8.161   -7.747   -0.651    0.255    2.054    2.962
            0.105263  0.060774  0.000000
  -23.518  -11.555   -8.312   -7.822   -0.594    0.313    2.111    3.018
            0.114035  0.065838  0.000000
  -23.472  -11.501   -8.473   -7.902   -0.533    0.375    2.173    3.080
            0.122807  0.070903  0.000000
  -23.423  -11.443   -8.642   -7.985   -0.466    0.442    2.240    3.146
            0.131579  0.075967  0.000000
  -23.371  -11.380   -8.819   -8.072   -0.395    0.513    2.312    3.217
            0.140351  0.081032  0.000000
  -23.315  -11.314   -9.003   -8.160   -0.318    0.590    2.388    3.293
            0.149123  0.086096  0.000000
  -23.255  -11.243   -9.194   -8.251   -0.237    0.672    2.470    3.374
            0.157895  0.091161  0.000000
  -23.192  -11.168   -9.391   -8.343   -0.151    0.759    2.557    3.459
            0.166667  0.096225  0.000000
  -23.125  -11.088   -9.593   -8.436   -0.060    0.850    2.648    3.549
            0.175439  0.101290  0.000000
  -23.055  -11.005   -9.801   -8.531    0.036    0.947    2.744    3.643
            0.184211  0.106354  0.000000
  -22.981  -10.918  -10.012   -8.625    0.137    1.048    2.845    3.741
            0.192982  0.111418  0.000000
  -22.904  -10.826  -10.228   -8.720    0.243    1.154    2.951    3.840
            0.201754  0.116483  0.000000
  -22.823  -10.731  -10.447   -8.815    0.354    1.265    3.061    3.933
            0.210526  0.121547  0.000000
  -22.739  -10.669  -10.632   -8.909    0.469    1.380    3.175    3.955
            0.219298  0.126612  0.000000
  -22.651  -10.893  -10.528   -9.002    0.590    1.500    3.293    3.796
            0.228070  0.131676  0.000000
  -22.559  -11.120  -10.421   -9.095    0.715    1.624    3.414    3.584
            0.236842  0.136741  0.000000
  -22.465  -11.349  -10.311   -9.186    0.845    1.751    3.361    3.535
            0.245614  0.141805  0.000000
  -22.366  -11.579  -10.196   -9.275    0.980    1.881    3.135    3.649
            0.254386  0.146870  0.000000
  -22.265  -11.810  -10.078   -9.364    1.120    2.011    2.910    3.731
            0.263158  0.151934  0.000000
  -22.159  -12.042   -9.956   -9.450    1.265    2.129    2.699    3.756
            0.271930  0.156999  0.000000
  -22.051  -12.274   -9.831   -9.534    1.414    2.185    2.554    3.744
            0.280702  0.162063  0.000000
  -21.939  -12.507   -9.703   -9.616    1.569    2.071    2.581    3.720
            0.289474  0.167128  0.000000
  -21.824  -12.741   -9.696   -9.571    1.728    1.863    2.706    3.691
            0.298246  0.172192  0.000000
  -21.705  -12.973   -9.773   -9.436    1.632    1.891    2.857    3.660
            0.307018  0.177257  0.000000
  -21.583  -13.206   -9.848   -9.298    1.395    2.059    3.020    3.629
            0.315789  0.182321  0.000000
  -21.458  -13.438   -9.921   -9.158    1.154    2.232    3.191    3.598
            0.324561  0.187386  0.000000
  -21.330  -13.669   -9.990   -9.015    0.913    2.409    3.368    3.569
            0.333333  0.192450  0.000000
  -21.198  -13.899  -10.057   -8.869    0.672    2.590    3.540    3.551
            0.342105  0.197515  0.000000
  -21.064  -14.128  -10.120   -8.722    0.433    2.773    3.515    3.739
            0.350877  0.202579  0.000000
  -20.926  -14.356  -10.181   -8.573    0.195    2.958    3.494    3.932
            0.359649  0.207644  0.000000
  -20.785  -14.582  -10.238   -8.422   -0.040    3.136    3.486    4.129
            0.368421  0.212708  0.000000
  -20.641  -14.806  -10.292   -8.270   -0.273    3.277    3.520    4.332
            0.377193  0.217772  0.000000
  -20.495  -15.029  -10.343   -8.118   -0.501    3.330    3.649    4.539
            0.385965  0.222837  0.000000
  -20.345  -15.249  -10.391   -7.966   -0.725    3.330    3.837    4.751
            0.394737  0.227901  0.000000
  -20.193  -15.467  -10.436   -7.815   -0.943    3.317    4.043    4.968
            0.403509  0.232966  0.000000
  -20.039  -15.682  -10.477   -7.666   -1.154    3.302    4.259    5.189
            0.412281  0.238030  0.000000
  -19.883  -15.895  -10.514   -7.520   -1.358    3.285    4.481    5.414
            0.421053  0.243095  0.000000
  -19.724  -16.104  -10.548   -7.377   -1.553    3.270    4.709    5.644
            0.429825  0.248159  0.000000
  -19.564  -16.310  -10.579   -7.240   -1.737    3.255    4.942    5.878
            0.438596  0.253224  0.000000
  -19.404  -16.510  -10.606   -7.111   -1.908    3.242    5.180    6.116
            0.447368  0.258288  0.000000
  -19.244  -16.706  -10.629   -6.990   -2.065    3.231    5.422    6.358
            0.456140  0.263353  0.000000
  -19.086  -16.894  -10.649   -6.882   -2.204    3.221    5.669    6.604
            0.464912  0.268417  0.000000
  -18.932  -17.071  -10.666   -6.787   -2.324    3.213    5.919    6.852
            0.473684  0.273482  0.000000
  -18.789  -17.234  -10.678   -6.710   -2.421    3.207    6.174    7.104
            0.482456  0.278546  0.000000
  -18.664  -17.372  -10.688   -6.653   -2.492    3.202    6.431    7.356
            0.491228  0.283611  0.000000
  -18.575  -17.469  -10.693   -6.617   -2.536    3.199    6.689    7.246
            0.500000  0.288675  0.000000
  -18.541  -17.505  -10.695   -6.605   -2.551    3.198    6.891    7.041
            0.494792  0.297696  0.000000
  -18.540  -17.504  -10.704   -6.603   -2.552    3.210    6.893    7.043
            0.489583  0.306717  0.000000
  -18.535  -17.499  -10.729   -6.596   -2.553    3.245    6.900    7.050
            0.484375  0.315738  0.000000
  -18.527  -17.491  -10.772   -6.584   -2.556    3.303    6.911    7.062
            0.479167  0.324760  0.000000
  -18.515  -17.479  -10.832   -6.568   -2.560    3.384    6.927    7.079
            0.473958  0.333781  0.000000
  -18.500  -17.465  -10.907   -6.547   -2.566    3.486    6.947    7.101
            0.468750  0.342802  0.000000
  -18.482  -17.447  -10.997   -6.521   -2.573    3.610    6.972    7.127
            0.463542  0.351823  0.000000
  -18.461  -17.426  -11.102   -6.490   -2.582    3.753    7.001    7.158
            0.458333  0.360844  0.000000
  -18.436  -17.402  -11.219   -6.455   -2.593    3.915    7.034    7.194
            0.453125  0.369865  0.000000
  -18.408  -17.375  -11.349   -6.415   -2.605    4.095    7.072    7.234
            0.447917  0.378886  0.000000
  -18.377  -17.345  -11.490   -6.371   -2.621    4.291    7.114    7.279
            0.442708  0.387907  0.000000
  -18.342  -17.312  -11.640   -6.322   -2.639    4.502    7.160    7.329
            0.437500  0.396928  0.000000
  -18.305  -17.276  -11.800   -6.268   -2.660    4.728    7.210    7.383
            0.432292  0.405949  0.000000
  -18.264  -17.237  -11.967   -6.210   -2.684    4.965    7.264    7.442
            0.427083  0.414971  0.000000
  -18.219  -17.196  -12.141   -6.147   -2.713    5.214    7.322    7.505
            0.421875  0.423992  0.000000
  -18.172  -17.153  -12.321   -6.079   -2.745    5.473    7.384    7.461
            0.416667  0.433013  0.000000
  -18.121  -17.107  -12.505   -6.007   -2.782    5.739    7.387    7.449
            0.411458  0.442034  0.000000
  -18.067  -17.059  -12.693   -5.930   -2.825    6.012    7.306    7.518
            0.406250  0.451055  0.000000
  -18.009  -17.010  -12.883   -5.848   -2.872    6.290    7.221    7.590
            0.401042  0.460076  0.000000
  -17.948  -16.960  -13.075   -5.762   -2.925    6.570    7.132    7.665
            0.395833  0.469097  0.000000
  -17.884  -16.910  -13.267   -5.672   -2.985    6.851    7.042    7.742
            0.390625  0.478118  0.000000
  -17.817  -16.859  -13.458   -5.577   -3.051    6.954    7.130    7.822
            0.385417  0.487139  0.000000
  -17.747  -16.810  -13.646   -5.477   -3.123    6.868    7.401    7.903
            0.380208  0.496160  0.000000
  -17.673  -16.763  -13.831   -5.373   -3.203    6.787    7.660    7.986
            0.375000  0.505181  0.000000
  -17.596  -16.720  -14.009   -5.265   -3.290    6.711    7.899    8.069
            0.369792  0.514203  0.000000
  -17.516  -16.683  -14.178   -5.152   -3.384    6.643    8.106    8.152
            0.364583  0.523224  0.000000
  -17.432  -16.654  -14.336   -5.035   -3.485    6.583    8.235    8.276
            0.359375  0.532245  0.000000
  -17.346  -16.639  -14.478   -4.913   -3.594    6.532    8.316    8.410
            0.354167  0.541266  0.000000
  -17.256  -16.639  -14.601   -4.787   -3.710    6.490    8.394    8.516
            0.348958  0.550287  0.000000
  -17.163  -16.659  -14.700   -4.657   -3.833    6.458    8.469    8.600
            0.343750  0.559308  0.000000
  -17.066  -16.703  -14.771   -4.522   -3.962    6.435    8.539    8.657
            0.338542  0.568329  0.000000
  -16.967  -16.771  -14.813   -4.384   -4.098    6.422    8.602    8.681
            0.333333  0.577350  0.000000
  -16.864  -16.864  -14.827   -4.241   -4.241    6.418    8.658    8.658
            0.328283  0.568603  0.000000
  -16.975  -16.762  -14.815   -4.384   -4.098    6.422    8.579    8.704
            0.323232  0.559855  0.000000
  -17.103  -16.656  -14.782   -4.532   -3.951    6.432    8.446    8.741
            0.318182  0.551107  0.000000
  -17.244  -16.547  -14.731   -4.685   -3.801    6.449    8.270    8.769
            0.313131  0.542359  0.000000
  -17.396  -16.436  -14.665   -4.842   -3.647    6.469    8.064    8.787
            0.308081  0.533612  0.000000
  -17.555  -16.321  -14.587   -5.003   -3.489    6.492    7.838    8.796
            0.303030  0.524864  0.000000
  -17.719  -16.204  -14.499   -5.167   -3.327    6.515    7.600    8.795
            0.297980  0.516116  0.000000
  -17.887  -16.084  -14.402   -5.333   -3.162    6.533    7.354    8.786
            0.292929  0.507368  0.000000
  -18.058  -15.961  -14.298   -5.502   -2.993    6.544    7.103    8.769
            0.287879  0.498621  0.000000
  -18.229  -15.835  -14.188   -5.674   -2.821    6.540    6.851    8.642
            0.282828  0.489873  0.000000
  -18.402  -15.706  -14.073   -5.846   -2.645    6.516    6.598    8.471
            0.277778  0.481125  0.000000
  -18.574  -15.574  -13.953   -6.020   -2.466    6.346    6.467    8.329
            0.272727  0.472377  0.000000
  -18.746  -15.439  -13.828   -6.195   -2.283    6.096    6.388    8.216
            0.267677  0.463630  0.000000
  -18.916  -15.302  -13.700   -6.370   -2.097    5.848    6.278    8.129
            0.262626  0.454882  0.000000
  -19.086  -15.162  -13.568   -6.545   -1.908    5.603    6.141    8.058
            0.257576  0.446134  0.000000
  -19.253  -15.019  -13.433   -6.720   -1.716    5.361    5.982    7.994
            0.252525  0.437387  0.000000
  -19.419  -14.873  -13.295   -6.894   -1.521    5.122    5.807    7.833
            0.247475  0.428639  0.000000
  -19.583  -14.725  -13.154   -7.068   -1.323    4.887    5.620    7.612
            0.242424  0.419891  0.000000
  -19.744  -14.574  -13.011   -7.240   -1.122    4.656    5.426    7.389
            0.237374  0.411143  0.000000
  -19.903  -14.421  -12.865   -7.412   -0.919    4.429    5.228    7.166
            0.232323  0.402396  0.000000
  -20.060  -14.265  -12.717   -7.582   -0.713    4.206    5.028    6.945
            0.227273  0.393648  0.000000
  -20.214  -14.107  -12.568   -7.750   -0.504    3.988    4.827    6.727
            0.222222  0.384900  0.000000
  -20.366  -13.946  -12.416   -7.916   -0.293    3.773    4.627    6.512
            0.217172  0.376152  0.000000
  -20.514  -13.782  -12.263   -8.080   -0.080    3.563    4.428    6.301
            0.212121  0.367405  0.000000
  -20.660  -13.617  -12.108   -8.242    0.135    3.358    4.232    6.095
            0.207071  0.358657  0.000000
  -20.803  -13.449  -11.953   -8.402    0.352    3.157    4.039    5.893
            0.202020  0.349909  0.000000
  -20.943  -13.279  -11.796   -8.559    0.571    2.961    3.849    5.695
            0.196970  0.341162  0.000000
  -21.080  -13.107  -11.638   -8.713    0.791    2.769    3.662    5.501
            0.191919  0.332414  0.000000
  -21.214  -12.932  -11.480   -8.865    1.013    2.582    3.479    5.313
            0.186869  0.323666  0.000000
  -21.344  -12.756  -11.321   -9.013    1.235    2.399    3.300    5.129
            0.181818  0.314918  0.000000
  -21.472  -12.578  -11.161   -9.159    1.459    2.222    3.125    4.949
            0.176768  0.306171  0.000000
  -21.596  -12.399  -11.002   -9.301    1.684    2.049    2.954    4.775
            0.171717  0.297423  0.000000
  -21.717  -12.217  -10.843   -9.440    1.880    1.909    2.788    4.605
            0.166667  0.288675  0.000000
  -21.835  -12.034  -10.684   -9.576    1.717    2.134    2.626    4.440
            0.161616  0.279927  0.000000
  -21.950  -11.850  -10.525   -9.709    1.558    2.359    2.468    4.280
            0.156566  0.271180  0.000000
  -22.061  -11.665  -10.367   -9.838    1.404    2.315    2.584    4.125
            0.151515  0.262432  0.000000
  -22.169  -11.478  -10.210   -9.963    1.255    2.167    2.808    3.975
            0.146465  0.253684  0.000000
  -22.273  -11.291  -10.085  -10.055    1.111    2.023    3.031    3.829
            0.141414  0.244936  0.000000
  -22.374  -11.103  -10.203   -9.900    0.972    1.884    3.253    3.689
            0.136364  0.236189  0.000000
  -22.472  -10.915  -10.317   -9.748    0.837    1.749    3.473    3.553
            0.131313  0.227441  0.000000
  -22.566  -10.727  -10.428   -9.597    0.707    1.619    3.422    3.692
            0.126263  0.218693  0.000000
  -22.657  -10.538  -10.535   -9.449    0.583    1.494    3.296    3.908
            0.121212  0.209946  0.000000
  -22.744  -10.638  -10.350   -9.303    0.463    1.374    3.175    4.067
            0.116162  0.201198  0.000000
  -22.828  -10.736  -10.163   -9.160    0.347    1.259    3.059    3.954
            0.111111  0.192450  0.000000
  -22.909  -10.832   -9.977   -9.020    0.237    1.148    2.948    3.845
            0.106061  0.183702  0.000000
  -22.986  -10.923   -9.792   -8.884    0.132    1.043    2.842    3.740
            0.101010  0.174955  0.000000
  -23.059  -11.010   -9.609   -8.751    0.031    0.942    2.741    3.641
            0.095960  0.166207  0.000000
  -23.129  -11.092   -9.428   -8.622   -0.064    0.846    2.645    3.546
            0.090909  0.157459  0.000000
  -23.195  -11.171   -9.250   -8.498   -0.155    0.755    2.553    3.456
            0.085859  0.148711  0.000000
  -23.258  -11.246   -9.075   -8.378   -0.241    0.668    2.467    3.370
            0.080808  0.139964  0.000000
  -23.318  -11.317   -8.904   -8.263   -0.322    0.587    2.385    3.290
            0.075758  0.131216  0.000000
  -23.373  -11.383   -8.738   -8.153   -0.397    0.510    2.309    3.214
            0.070707  0.122468  0.000000
  -23.425  -11.445   -8.576   -8.049   -0.469    0.439    2.237    3.144
            0.065657  0.113721  0.000000
  -23.474  -11.503   -8.421   -7.951   -0.535    0.372    2.171    3.078
            0.060606  0.104973  0.000000
  -23.519  -11.557   -8.272   -7.858   -0.596    0.311    2.109    3.016
            0.055556  0.096225  0.000000
  -23.560  -11.606   -8.131   -7.772   -0.652    0.254    2.053    2.960
            0.050505  0.087477  0.000000
  -23.598  -11.652   -7.998   -7.693   -0.704    0.202    2.001    2.909
            0.045455  0.078730  0.000000
  -23.632  -11.693   -7.874   -7.620   -0.750    0.155    1.954    2.862
            0.040404  0.069982  0.000000
  -23.663  -11.729   -7.760   -7.554   -0.792    0.113    1.912    2.821
            0.035354  0.061234  0.000000
  -23.690  -11.762   -7.657   -7.496   -0.829    0.076    1.875    2.784
            0.030303  0.052486  0.000000
  -23.714  -11.790   -7.566   -7.445   -0.861    0.044    1.843    2.752
            0.025253  0.043739  0.000000
  -23.734  -11.814   -7.487   -7.401   -0.888    0.016    1.816    2.725
            0.020202  0.034991  0.000000
  -23.750  -11.833   -7.421   -7.366   -0.910   -0.006    1.794    2.703
            0.015152  0.026243  0.000000
  -23.762  -11.848   -7.369   -7.338   -0.927   -0.023    1.776    2.686
            0.010101  0.017495  0.000000
  -23.771  -11.859   -7.332   -7.318   -0.939   -0.035    1.764    2.674
            0.005051  0.008748  0.000000
  -23.777  -11.866   -7.309   -7.306   -0.946   -0.043    1.757    2.666
            0.000000  0.000000  0.000000
  -23.779  -11.868   -7.302   -7.302   -0.949   -0.045    1.754    2.664
            0.000000  0.000000  0.011744
  -23.779  -11.868   -7.302   -7.302   -0.949   -0.046    1.758    2.657
            0.000000  0.000000  0.023489
  -23.779  -11.868   -7.302   -7.302   -0.948   -0.047    1.770    2.637
            0.000000  0.000000  0.035233
  -23.779  -11.868   -7.302   -7.302   -0.948   -0.050    1.788    2.609
            0.000000  0.000000  0.046978
  -23.779  -11.868   -7.302   -7.302   -0.947   -0.052    1.809    2.576
            0.000000  0.000000  0.058722
  -23.779  -11.868   -7.302   -7.302   -0.947   -0.054    1.830    2.545
            0.000000  0.000000  0.070466
  -23.779  -11.868   -7.302   -7.302   -0.947   -0.056    1.844    2.523
            0.000000  0.000000  0.082211
  -23.779  -11.868   -7.302   -7.302   -0.947   -0.056    1.850    2.515
            0.008772  0.005064  0.082211
  -23.777  -11.866   -7.309   -7.306   -0.944   -0.054    1.853    2.517
            0.017544  0.010129  0.082211
  -23.771  -11.859   -7.332   -7.318   -0.937   -0.046    1.860    2.525
            0.026316  0.015193  0.082211
  -23.762  -11.848   -7.370   -7.338   -0.924   -0.034    1.872    2.537
            0.035088  0.020258  0.082211
  -23.750  -11.833   -7.422   -7.365   -0.907   -0.016    1.890    2.555
            0.043860  0.025322  0.082211
  -23.733  -11.813   -7.489   -7.401   -0.885    0.006    1.912    2.577
            0.052632  0.030387  0.082211
  -23.713  -11.789   -7.570   -7.443   -0.858    0.033    1.939    2.604
            0.061404  0.035451  0.082211
  -23.690  -11.761   -7.664   -7.492   -0.826    0.066    1.971    2.636
            0.070175  0.040516  0.082211
  -23.663  -11.729   -7.771   -7.547   -0.789    0.103    2.008    2.673
            0.078947  0.045580  0.082211
  -23.632  -11.692   -7.890   -7.608   -0.747    0.145    2.050    2.715
            0.087719  0.050645  0.082211
  -23.597  -11.650   -8.020   -7.675   -0.700    0.193    2.097    2.762
            0.096491  0.055709  0.082211
  -23.559  -11.605   -8.161   -7.747   -0.649    0.245    2.149    2.814
            0.105263  0.060774  0.082211
  -23.518  -11.555   -8.312   -7.822   -0.592    0.302    2.206    2.870
            0.114035  0.065838  0.082211
  -23.472  -11.501   -8.473   -7.902   -0.530    0.364    2.268    2.932
            0.122807  0.070903  0.082211
  -23.423  -11.443   -8.642   -7.985   -0.464    0.431    2.335    2.998
            0.131579  0.075967  0.082211
  -23.371  -11.380   -8.819   -8.072   -0.392    0.503    2.406    3.070
            0.140351  0.081032  0.082211
  -23.315  -11.314   -9.003   -8.160   -0.316    0.580    2.483    3.146
            0.149123  0.086096  0.082211
  -23.255  -11.243   -9.194   -8.251   -0.235    0.662    2.564    3.227
            0.157895  0.091161  0.082211
  -23.192  -11.168   -9.391   -8.343   -0.149    0.748    2.650    3.312
            0.166667  0.096225  0.082211
  -23.125  -11.088   -9.593   -8.436   -0.057    0.840    2.742    3.403
            0.175439  0.101290  0.082211
  -23.055  -11.005   -9.801   -8.531    0.039    0.936    2.837    3.497
            0.184211  0.106354  0.082211
  -22.981  -10.918  -10.012   -8.625    0.139    1.038    2.938    3.596
            0.192982  0.111418  0.082211
  -22.904  -10.826  -10.228   -8.720    0.245    1.144    3.043    3.697
            0.201754  0.116483  0.082211
  -22.823  -10.731  -10.447   -8.815    0.356    1.254    3.153    3.798
            0.210526  0.121547  0.082211
  -22.739  -10.669  -10.632   -8.909    0.471    1.370    3.266    3.871
            0.219298  0.126612  0.082211
  -22.651  -10.893  -10.528   -9.002    0.592    1.490    3.383    3.782
            0.228070  0.131676  0.082211
  -22.559  -11.120  -10.421   -9.095    0.717    1.614    3.501    3.580
            0.236842  0.136741  0.082211
  -22.465  -11.349  -10.311   -9.186    0.847    1.741    3.359    3.616
            0.245614  0.141805  0.082211
  -22.366  -11.579  -10.196   -9.275    0.982    1.872    3.133    3.714
            0.254386  0.146870  0.082211
  -22.265  -11.810  -10.078   -9.364    1.122    2.002    2.909    3.765
            0.263158  0.151934  0.082211
  -22.159  -12.042   -9.956   -9.450    1.267    2.121    2.697    3.768
            0.271930  0.156999  0.082211
  -22.051  -12.274   -9.831   -9.534    1.416    2.180    2.548    3.749
            0.280702  0.162063  0.082211
  -21.939  -12.507   -9.703   -9.616    1.571    2.070    2.571    3.722
            0.289474  0.167128  0.082211
  -21.824  -12.741   -9.696   -9.571    1.729    1.863    2.696    3.692
            0.298246  0.172192  0.082211
  -21.705  -12.973   -9.773   -9.436    1.632    1.893    2.847    3.661
            0.307018  0.177257  0.082211
  -21.583  -13.206   -9.848   -9.298    1.395    2.061    3.011    3.630
            0.315789  0.182321  0.082211
  -21.458  -13.438   -9.921   -9.158    1.154    2.234    3.182    3.599
            0.324561  0.187386  0.082211
  -21.330  -13.669   -9.990   -9.015    0.913    2.411    3.359    3.569
            0.333333  0.192450  0.082211
  -21.198  -13.899  -10.057   -8.869    0.672    2.591    3.541    3.541
            0.342105  0.197515  0.082211
  -21.064  -14.128  -10.120   -8.722    0.433    2.775    3.515    3.729
            0.350877  0.202579  0.082211
  -20.926  -14.356  -10.181   -8.573    0.195    2.960    3.494    3.922
            0.359649  0.207644  0.082211
  -20.785  -14.582  -10.238   -8.422   -0.040    3.137    3.486    4.120
            0.368421  0.212708  0.082211
  -20.641  -14.806  -10.292   -8.270   -0.273    3.278    3.521    4.323
            0.377193  0.217772  0.082211
  -20.495  -15.029  -10.343   -8.118   -0.501    3.330    3.651    4.530
            0.385965  0.222837  0.082211
  -20.345  -15.249  -10.391   -7.966   -0.725    3.330    3.838    4.743
            0.394737  0.227901  0.082211
  -20.193  -15.467  -10.436   -7.815   -0.943    3.317    4.045    4.959
            0.403509  0.232966  0.082211
  -20.039  -15.682  -10.477   -7.666   -1.154    3.302    4.261    5.180
            0.412281  0.238030  0.082211
  -19.883  -15.895  -10.514   -7.520   -1.358    3.285    4.483    5.406
            0.421053  0.243095  0.082211
  -19.724  -16.104  -10.548   -7.377   -1.553    3.270    4.711    5.636
            0.429825  0.248159  0.082211
  -19.564  -16.310  -10.579   -7.240   -1.737    3.255    4.944    5.870
            0.438596  0.253224  0.082211
  -19.404  -16.510  -10.606   -7.111   -1.908    3.242    5.182    6.108
            0.447368  0.258288  0.082211
  -19.244  -16.706  -10.629   -6.990   -2.065    3.231    5.424    6.351
            0.456140  0.263353  0.082211
  -19.086  -16.894  -10.649   -6.882   -2.204    3.221    5.670    6.596
            0.464912  0.268417  0.082211
  -18.932  -17.071  -10.666   -6.787   -2.324    3.213    5.921    6.845
            0.473684  0.273482  0.082211
  -18.789  -17.234  -10.678   -6.710   -2.421    3.207    6.175    7.097
            0.482456  0.278546  0.082211
  -18.664  -17.372  -10.688   -6.653   -2.492    3.202    6.432    7.350
            0.491228  0.283611  0.082211
  -18.575  -17.469  -10.693   -6.617   -2.536    3.199    6.690    7.247
            0.500000  0.288675  0.082211
  -18.541  -17.505  -10.695   -6.605   -2.551    3.198    6.892    7.042
            0.494792  0.297696  0.082211
  -18.540  -17.504  -10.704   -6.603   -2.552    3.210    6.894    7.045
            0.489583  0.306717  0.082211
  -18.535  -17.499  -10.729   -6.596   -2.553    3.245    6.901    7.052
            0.484375  0.315738  0.082211
  -18.527  -17.491  -10.772   -6.584   -2.556    3.303    6.912    7.064
            0.479167  0.324760  0.082211
  -18.515  -17.479  -10.832   -6.568   -2.560    3.384    6.928    7.081
            0.473958  0.333781  0.082211
  -18.500  -17.465  -10.907   -6.547   -2.566    3.486    6.948    7.102
            0.468750  0.342802  0.082211
  -18.482  -17.447  -10.997   -6.521   -2.573    3.610    6.973    7.128
            0.463542  0.351823  0.082211
  -18.461  -17.426  -11.102   -6.490   -2.582    3.753    7.002    7.159
            0.458333  0.360844  0.082211
  -18.436  -17.402  -11.219   -6.455   -2.593    3.915    7.035    7.195
            0.453125  0.369865  0.082211
  -18.408  -17.375  -11.349   -6.415   -2.605    4.095    7.073    7.236
            0.447917  0.378886  0.082211
  -18.377  -17.345  -11.490   -6.371   -2.621    4.291    7.115    7.281
            0.442708  0.387907  0.082211
  -18.342  -17.312  -11.640   -6.322   -2.639    4.502    7.161    7.330
            0.437500  0.396928  0.082211
  -18.305  -17.276  -11.800   -6.268   -2.660    4.728    7.211    7.385
            0.432292  0.405949  0.082211
  -18.264  -17.237  -11.967   -6.210   -2.684    4.965    7.265    7.443
            0.427083  0.414971  0.082211
  -18.219  -17.196  -12.141   -6.147   -2.713    5.214    7.323    7.507
            0.421875  0.423992  0.082211
  -18.172  -17.153  -12.321   -6.079   -2.745    5.473    7.385    7.460
            0.416667  0.433013  0.082211
  -18.121  -17.107  -12.505   -6.007   -2.782    5.739    7.386    7.450
            0.411458  0.442034  0.082211
  -18.067  -17.059  -12.693   -5.930   -2.825    6.012    7.306    7.519
            0.406250  0.451055  0.082211
  -18.009  -17.010  -12.883   -5.848   -2.872    6.290    7.220    7.591
            0.401042  0.460076  0.082211
  -17.948  -16.960  -13.075   -5.762   -2.925    6.570    7.132    7.665
            0.395833  0.469097  0.082211
  -17.884  -16.910  -13.267   -5.672   -2.985    6.851    7.042    7.743
            0.390625  0.478118  0.082211
  -17.817  -16.859  -13.458   -5.577   -3.051    6.954    7.130    7.822
            0.385417  0.487139  0.082211
  -17.747  -16.810  -13.646   -5.477   -3.123    6.868    7.401    7.904
            0.380208  0.496160  0.082211
  -17.673  -16.763  -13.831   -5.373   -3.203    6.787    7.660    7.986
            0.375000  0.505181  0.082211
  -17.596  -16.720  -14.009   -5.265   -3.290    6.711    7.899    8.070
            0.369792  0.514203  0.082211
  -17.516  -16.683  -14.178   -5.152   -3.384    6.643    8.106    8.153
            0.364583  0.523224  0.082211
  -17.432  -16.654  -14.336   -5.035   -3.485    6.583    8.236    8.276
            0.359375  0.532245  0.082211
  -17.346  -16.639  -14.478   -4.913   -3.594    6.532    8.317    8.410
            0.354167  0.541266  0.082211
  -17.256  -16.639  -14.601   -4.787   -3.710    6.490    8.395    8.516
            0.348958  0.550287  0.082211
  -17.163  -16.659  -14.700   -4.657   -3.833    6.458    8.469    8.600
            0.343750  0.559308  0.082211
  -17.066  -16.703  -14.771   -4.522   -3.962    6.435    8.539    8.658
            0.338542  0.568329  0.082211
  -16.967  -16.771  -14.813   -4.384   -4.098    6.422    8.602    8.681
            0.333333  0.577350  0.082211
  -16.864  -16.864  -14.827   -4.241   -4.241    6.418    8.658    8.658
            0.328283  0.568603  0.082211
  -16.975  -16.762  -14.815   -4.384   -4.098    6.422    8.579    8.704
            0.323232  0.559855  0.082211
  -17.103  -16.656  -14.782   -4.532   -3.951    6.432    8.446    8.741
            0.318182  0.551107  0.082211
  -17.244  -16.547  -14.731   -4.685   -3.801    6.449    8.271    8.769
            0.313131  0.542359  0.082211
  -17.396  -16.436  -14.665   -4.842   -3.647    6.469    8.065    8.787
            0.308081  0.533612  0.082211
  -17.555  -16.321  -14.587   -5.003   -3.489    6.492    7.839    8.796
            0.303030  0.524864  0.082211
  -17.719  -16.204  -14.499   -5.167   -3.327    6.515    7.600    8.795
            0.297980  0.516116  0.082211
  -17.887  -16.084  -14.402   -5.333   -3.162    6.533    7.354    8.786
            0.292929  0.507368  0.082211
  -18.058  -15.961  -14.298   -5.502   -2.993    6.543    7.104    8.769
            0.287879  0.498621  0.082211
  -18.229  -15.835  -14.188   -5.674   -2.821    6.540    6.852    8.624
            0.282828  0.489873  0.082211
  -18.402  -15.706  -14.073   -5.846   -2.645    6.516    6.599    8.451
            0.277778  0.481125  0.082211
  -18.574  -15.574  -13.953   -6.020   -2.466    6.347    6.466    8.306
            0.272727  0.472377  0.082211
  -18.746  -15.439  -13.828   -6.195   -2.283    6.097    6.386    8.190
            0.267677  0.463630  0.082211
  -18.916  -15.302  -13.700   -6.370   -2.097    5.849    6.276    8.098
            0.262626  0.454882  0.082211
  -19.086  -15.162  -13.568   -6.545   -1.908    5.604    6.139    8.022
            0.257576  0.446134  0.082211
  -19.253  -15.019  -13.433   -6.720   -1.716    5.362    5.979    7.950
            0.252525  0.437387  0.082211
  -19.419  -14.873  -13.295   -6.894   -1.521    5.124    5.803    7.876
            0.247475  0.428639  0.082211
  -19.583  -14.725  -13.154   -7.068   -1.323    4.889    5.615    7.679
            0.242424  0.419891  0.082211
  -19.744  -14.574  -13.011   -7.240   -1.122    4.658    5.421    7.462
            0.237374  0.411143  0.082211
  -19.903  -14.421  -12.865   -7.412   -0.919    4.431    5.222    7.243
            0.232323  0.402396  0.082211
  -20.060  -14.265  -12.717   -7.582   -0.713    4.208    5.021    7.025
            0.227273  0.393648  0.082211
  -20.214  -14.107  -12.568   -7.750   -0.504    3.989    4.820    6.809
            0.222222  0.384900  0.082211
  -20.366  -13.946  -12.416   -7.916   -0.293    3.775    4.620    6.595
            0.217172  0.376152  0.082211
  -20.514  -13.782  -12.263   -8.080   -0.080    3.565    4.421    6.386
            0.212121  0.367405  0.082211
  -20.660  -13.617  -12.108   -8.242    0.135    3.360    4.224    6.180
            0.207071  0.358657  0.082211
  -20.803  -13.449  -11.953   -8.402    0.352    3.159    4.031    5.979
            0.202020  0.349909  0.082211
  -20.943  -13.279  -11.796   -8.559    0.571    2.962    3.840    5.782
            0.196970  0.341162  0.082211
  -21.080  -13.107  -11.638   -8.713    0.791    2.771    3.653    5.589
            0.191919  0.332414  0.082211
  -21.214  -12.932  -11.480   -8.865    1.013    2.584    3.470    5.401
            0.186869  0.323666  0.082211
  -21.344  -12.756  -11.321   -9.013    1.235    2.401    3.291    5.218
            0.181818  0.314918  0.082211
  -21.472  -12.578  -11.161   -9.159    1.459    2.223    3.116    5.039
            0.176768  0.306171  0.082211
  -21.596  -12.399  -11.002   -9.301    1.684    2.051    2.945    4.865
            0.171717  0.297423  0.082211
  -21.717  -12.217  -10.843   -9.440    1.882    1.909    2.778    4.695
            0.166667  0.288675  0.082211
  -21.835  -12.034  -10.684   -9.576    1.719    2.134    2.616    4.531
            0.161616  0.279927  0.082211
  -21.950  -11.850  -10.525   -9.709    1.560    2.359    2.459    4.371
            0.156566  0.271180  0.082211
  -22.061  -11.665  -10.367   -9.838    1.406    2.305    2.584    4.216
            0.151515  0.262432  0.082211
  -22.169  -11.478  -10.210   -9.963    1.257    2.157    2.808    4.066
            0.146465  0.253684  0.082211
  -22.273  -11.291  -10.085  -10.055    1.113    2.013    3.031    3.921
            0.141414  0.244936  0.082211
  -22.374  -11.103  -10.203   -9.900    0.974    1.874    3.253    3.781
            0.136364  0.236189  0.082211
  -22.472  -10.915  -10.317   -9.748    0.839    1.739    3.473    3.645
            0.131313  0.227441  0.082211
  -22.566  -10.727  -10.428   -9.597    0.709    1.609    3.515    3.692
            0.126263  0.218693  0.082211
  -22.657  -10.538  -10.535   -9.449    0.585    1.484    3.389    3.908
            0.121212  0.209946  0.082211
  -22.744  -10.638  -10.350   -9.303    0.465    1.364    3.268    3.922
            0.116162  0.201198  0.082211
  -22.828  -10.736  -10.163   -9.160    0.350    1.249    3.152    3.808
            0.111111  0.192450  0.082211
  -22.909  -10.832   -9.977   -9.020    0.239    1.138    3.042    3.699
            0.106061  0.183702  0.082211
  -22.986  -10.923   -9.792   -8.884    0.134    1.032    2.936    3.594
            0.101010  0.174955  0.082211
  -23.059  -11.010   -9.609   -8.751    0.034    0.931    2.835    3.494
            0.095960  0.166207  0.082211
  -23.129  -11.092   -9.428   -8.622   -0.062    0.835    2.739    3.399
            0.090909  0.157459  0.082211
  -23.195  -11.171   -9.250   -8.498   -0.153    0.744    2.647    3.309
            0.085859  0.148711  0.082211
  -23.258  -11.246   -9.075   -8.378   -0.238    0.658    2.561    3.223
            0.080808  0.139964  0.082211
  -23.318  -11.317   -8.904   -8.263   -0.319    0.576    2.480    3.143
            0.075758  0.131216  0.082211
  -23.373  -11.383   -8.738   -8.153   -0.395    0.500    2.404    3.067
            0.070707  0.122468  0.082211
  -23.425  -11.445   -8.576   -8.049   -0.466    0.428    2.332    2.996
            0.065657  0.113721  0.082211
  -23.474  -11.503   -8.421   -7.951   -0.533    0.362    2.266    2.930
            0.060606  0.104973  0.082211
  -23.519  -11.557   -8.272   -7.858   -0.594    0.300    2.204    2.868
            0.055556  0.096225  0.082211
  -23.560  -11.606   -8.131   -7.772   -0.650    0.243    2.148    2.812
            0.050505  0.087477  0.082211
  -23.598  -11.652   -7.998   -7.693   -0.702    0.191    2.096    2.761
            0.045455  0.078730  0.082211
  -23.632  -11.693   -7.874   -7.620   -0.748    0.144    2.049    2.714
            0.040404  0.069982  0.082211
  -23.663  -11.729   -7.760   -7.554   -0.790    0.102    2.007    2.672
            0.035354  0.061234  0.082211
  -23.690  -11.762   -7.657   -7.496   -0.827    0.065    1.970    2.635
            0.030303  0.052486  0.082211
  -23.714  -11.790   -7.566   -7.445   -0.858    0.033    1.939    2.603
            0.025253  0.043739  0.082211
  -23.734  -11.814   -7.487   -7.401   -0.885    0.006    1.911    2.576
            0.020202  0.034991  0.082211
  -23.750  -11.833   -7.421   -7.366   -0.907   -0.017    1.889    2.554
            0.015152  0.026243  0.082211
  -23.762  -11.848   -7.369   -7.338   -0.925   -0.034    1.872    2.537
            0.010101  0.017495  0.082211
  -23.771  -11.859   -7.332   -7.318   -0.937   -0.046    1.860    2.525
            0.005051  0.008748  0.082211
  -23.777  -11.866   -7.309   -7.306   -0.944   -0.054    1.852    2.517
            0.000000  0.000000  0.082211
  -23.779  -11.868   -7.302   -7.302   -0.947   -0.056    1.850    2.515
            0.500000  0.288675  0.082211
  -18.541  -17.505  -10.695   -6.605   -2.551    3.198    6.892    7.042
            0.500000  0.288675  0.070466
  -18.541  -17.505  -10.695   -6.605   -2.551    3.198    6.892    7.042
            0.500000  0.288675  0.058722
  -18.541  -17.505  -10.695   -6.605   -2.551    3.198    6.892    7.042
            0.500000  0.288675  0.046978
  -18.541  -17.505  -10.695   -6.605   -2.551    3.198    6.892    7.042
            0.500000  0.288675  0.035233
  -18.541  -17.505  -10.695   -6.605   -2.551    3.198    6.891    7.041
            0.500000  0.288675  0.023489
  -18.541  -17.505  -10.695   -6.605   -2.551    3.198    6.891    7.041
            0.500000  0.288675  0.011744
  -18.541  -17.505  -10.695   -6.605   -2.551    3.198    6.891    7.041
            0.500000  0.288675  0.000000
  -18.541  -17.505  -10.695   -6.605   -2.551    3.198    6.891    7.041
            0.333333  0.577350  0.082211
  -16.864  -16.864  -14.827   -4.241   -4.241    6.418    8.658    8.658
            0.333333  0.577350  0.070466
  -16.864  -16.864  -14.827   -4.241   -4.241    6.418    8.658    8.658
            0.333333  0.577350  0.058722
  -16.864  -16.864  -14.827   -4.241   -4.241    6.418    8.658    8.658
            0.333333  0.577350  0.046978
  -16.864  -16.864  -14.827   -4.241   -4.241    6.418    8.658    8.658
            0.333333  0.577350  0.035233
  -16.864  -16.864  -14.827   -4.241   -4.241    6.418    8.658    8.658
            0.333333  0.577350  0.023489
  -16.864  -16.864  -14.827   -4.241   -4.241    6.418    8.658    8.658
            0.333333  0.577350  0.011744
  -16.864  -16.864  -14.827   -4.241   -4.241    6.418    8.658    8.658
            0.333333  0.577350  0.000000
  -16.864  -16.864  -14.827   -4.241   -4.241    6.418    8.658    8.658
