    0.0000000000     0.0000000000     0.0000000000 1
    0.0087719298     0.0000000000     0.0000000000 1
    0.0175438596     0.0000000000     0.0000000000 1
    0.0263157895     0.0000000000     0.0000000000 1
    0.0350877193     0.0000000000     0.0000000000 1
    0.0438596491     0.0000000000     0.0000000000 1
    0.0526315789     0.0000000000     0.0000000000 1
    0.0614035088     0.0000000000     0.0000000000 1
    0.0701754386     0.0000000000     0.0000000000 1
    0.0789473684     0.0000000000     0.0000000000 1
    0.0877192982     0.0000000000     0.0000000000 1
    0.0964912281     0.0000000000     0.0000000000 1
    0.1052631579     0.0000000000     0.0000000000 1
    0.1140350877     0.0000000000     0.0000000000 1
    0.1228070175     0.0000000000     0.0000000000 1
    0.1315789474     0.0000000000     0.0000000000 1
    0.1403508772     0.0000000000     0.0000000000 1
    0.1491228070     0.0000000000     0.0000000000 1
    0.1578947368     0.0000000000     0.0000000000 1
    0.1666666667     0.0000000000     0.0000000000 1
    0.1754385965     0.0000000000     0.0000000000 1
    0.1842105263     0.0000000000     0.0000000000 1
    0.1929824561     0.0000000000     0.0000000000 1
    0.2017543860     0.0000000000     0.0000000000 1
    0.2105263158     0.0000000000     0.0000000000 1
    0.2192982456     0.0000000000     0.0000000000 1
    0.2280701754     0.0000000000     0.0000000000 1
    0.2368421053     0.0000000000     0.0000000000 1
    0.2456140351     0.0000000000     0.0000000000 1
    0.2543859649     0.0000000000     0.0000000000 1
    0.2631578947     0.0000000000     0.0000000000 1
    0.2719298246     0.0000000000     0.0000000000 1
    0.2807017544     0.0000000000     0.0000000000 1
    0.2894736842     0.0000000000     0.0000000000 1
    0.2982456140     0.0000000000     0.0000000000 1
    0.3070175439     0.0000000000     0.0000000000 1
    0.3157894737     0.0000000000     0.0000000000 1
    0.3245614035     0.0000000000     0.0000000000 1
    0.3333333333     0.0000000000     0.0000000000 1
    0.3421052632     0.0000000000     0.0000000000 1
    0.3508771930     0.0000000000     0.0000000000 1
    0.3596491228     0.0000000000     0.0000000000 1
    0.3684210526     0.0000000000     0.0000000000 1
    0.3771929825     0.0000000000     0.0000000000 1
    0.3859649123     0.0000000000     0.0000000000 1
    0.3947368421     0.0000000000     0.0000000000 1
    0.4035087719     0.0000000000     0.0000000000 1
    0.4122807018     0.0000000000     0.0000000000 1
    0.4210526316     0.0000000000     0.0000000000 1
    0.4298245614     0.0000000000     0.0000000000 1
    0.4385964912     0.0000000000     0.0000000000 1
    0.4473684211     0.0000000000     0.0000000000 1
    0.4561403509     0.0000000000     0.0000000000 1
    0.4649122807     0.0000000000     0.0000000000 1
    0.4736842105     0.0000000000     0.0000000000 1
    0.4824561404     0.0000000000     0.0000000000 1
    0.4912280702     0.0000000000     0.0000000000 1
    0.5000000000     0.0000000000     0.0000000000 1
    0.4947916667     0.0104166667     0.0000000000 1
    0.4895833333     0.0208333333     0.0000000000 1
    0.4843750000     0.0312500000     0.0000000000 1
    0.4791666667     0.0416666667     0.0000000000 1
    0.4739583333     0.0520833333     0.0000000000 1
    0.4687500000     0.0625000000     0.0000000000 1
    0.4635416667     0.0729166667     0.0000000000 1
    0.4583333333     0.0833333333     0.0000000000 1
    0.4531250000     0.0937500000     0.0000000000 1
    0.4479166667     0.1041666667     0.0000000000 1
    0.4427083333     0.1145833333     0.0000000000 1
    0.4375000000     0.1250000000     0.0000000000 1
    0.4322916667     0.1354166667     0.0000000000 1
    0.4270833333     0.1458333333     0.0000000000 1
    0.4218750000     0.1562500000     0.0000000000 1
    0.4166666667     0.1666666667     0.0000000000 1
    0.4114583333     0.1770833333     0.0000000000 1
    0.4062500000     0.1875000000     0.0000000000 1
    0.4010416667     0.1979166667     0.0000000000 1
    0.3958333333     0.2083333333     0.0000000000 1
    0.3906250000     0.2187500000     0.0000000000 1
    0.3854166667     0.2291666667     0.0000000000 1
    0.3802083333     0.2395833333     0.0000000000 1
    0.3750000000     0.2500000000     0.0000000000 1
    0.3697916667     0.2604166667     0.0000000000 1
    0.3645833333     0.2708333333     0.0000000000 1
    0.3593750000     0.2812500000     0.0000000000 1
    0.3541666667     0.2916666667     0.0000000000 1
    0.3489583333     0.3020833333     0.0000000000 1
    0.3437500000     0.3125000000     0.0000000000 1
    0.3385416667     0.3229166667     0.0000000000 1
    0.3333333333     0.3333333333     0.0000000000 1
    0.3282828283     0.3282828283     0.0000000000 1
    0.3232323232     0.3232323232     0.0000000000 1
    0.3181818182     0.3181818182     0.0000000000 1
    0.3131313131     0.3131313131     0.0000000000 1
    0.3080808081     0.3080808081     0.0000000000 1
    0.3030303030     0.3030303030     0.0000000000 1
    0.2979797980     0.2979797980     0.0000000000 1
    0.2929292929     0.2929292929     0.0000000000 1
    0.2878787879     0.2878787879     0.0000000000 1
    0.2828282828     0.2828282828     0.0000000000 1
    0.2777777778     0.2777777778     0.0000000000 1
    0.2727272727     0.2727272727     0.0000000000 1
    0.2676767677     0.2676767677     0.0000000000 1
    0.2626262626     0.2626262626     0.0000000000 1
    0.2575757576     0.2575757576     0.0000000000 1
    0.2525252525     0.2525252525     0.0000000000 1
    0.2474747475     0.2474747475     0.0000000000 1
    0.2424242424     0.2424242424     0.0000000000 1
    0.2373737374     0.2373737374     0.0000000000 1
    0.2323232323     0.2323232323     0.0000000000 1
    0.2272727273     0.2272727273     0.0000000000 1
    0.2222222222     0.2222222222     0.0000000000 1
    0.2171717172     0.2171717172     0.0000000000 1
    0.2121212121     0.2121212121     0.0000000000 1
    0.2070707071     0.2070707071     0.0000000000 1
    0.2020202020     0.2020202020     0.0000000000 1
    0.1969696970     0.1969696970     0.0000000000 1
    0.1919191919     0.1919191919     0.0000000000 1
    0.1868686869     0.1868686869     0.0000000000 1
    0.1818181818     0.1818181818     0.0000000000 1
    0.1767676768     0.1767676768     0.0000000000 1
    0.1717171717     0.1717171717     0.0000000000 1
    0.1666666667     0.1666666667     0.0000000000 1
    0.1616161616     0.1616161616     0.0000000000 1
    0.1565656566     0.1565656566     0.0000000000 1
    0.1515151515     0.1515151515     0.0000000000 1
    0.1464646465     0.1464646465     0.0000000000 1
    0.1414141414     0.1414141414     0.0000000000 1
    0.1363636364     0.1363636364     0.0000000000 1
    0.1313131313     0.1313131313     0.0000000000 1
    0.1262626263     0.1262626263     0.0000000000 1
    0.1212121212     0.1212121212     0.0000000000 1
    0.1161616162     0.1161616162     0.0000000000 1
    0.1111111111     0.1111111111     0.0000000000 1
    0.1060606061     0.1060606061     0.0000000000 1
    0.1010101010     0.1010101010     0.0000000000 1
    0.0959595960     0.0959595960     0.0000000000 1
    0.0909090909     0.0909090909     0.0000000000 1
    0.0858585859     0.0858585859     0.0000000000 1
    0.0808080808     0.0808080808     0.0000000000 1
    0.0757575758     0.0757575758     0.0000000000 1
    0.0707070707     0.0707070707     0.0000000000 1
    0.0656565657     0.0656565657     0.0000000000 1
    0.0606060606     0.0606060606     0.0000000000 1
    0.0555555556     0.0555555556     0.0000000000 1
    0.0505050505     0.0505050505     0.0000000000 1
    0.0454545455     0.0454545455     0.0000000000 1
    0.0404040404     0.0404040404     0.0000000000 1
    0.0353535354     0.0353535354     0.0000000000 1
    0.0303030303     0.0303030303     0.0000000000 1
    0.0252525253     0.0252525253     0.0000000000 1
    0.0202020202     0.0202020202     0.0000000000 1
    0.0151515152     0.0151515152     0.0000000000 1
    0.0101010101     0.0101010101     0.0000000000 1
    0.0050505051     0.0050505051     0.0000000000 1
    0.0000000000     0.0000000000     0.0000000000 1
    0.0000000000     0.0000000000     0.0714285714 1
    0.0000000000     0.0000000000     0.1428571429 1
    0.0000000000     0.0000000000     0.2142857143 1
    0.0000000000     0.0000000000     0.2857142857 1
    0.0000000000     0.0000000000     0.3571428571 1
    0.0000000000     0.0000000000     0.4285714286 1
    0.0000000000     0.0000000000     0.5000000000 1
    0.0087719298     0.0000000000     0.5000000000 1
    0.0175438596     0.0000000000     0.5000000000 1
    0.0263157895     0.0000000000     0.5000000000 1
    0.0350877193     0.0000000000     0.5000000000 1
    0.0438596491     0.0000000000     0.5000000000 1
    0.0526315789     0.0000000000     0.5000000000 1
    0.0614035088     0.0000000000     0.5000000000 1
    0.0701754386     0.0000000000     0.5000000000 1
    0.0789473684     0.0000000000     0.5000000000 1
    0.0877192982     0.0000000000     0.5000000000 1
    0.0964912281     0.0000000000     0.5000000000 1
    0.1052631579     0.0000000000     0.5000000000 1
    0.1140350877     0.0000000000     0.5000000000 1
    0.1228070175     0.0000000000     0.5000000000 1
    0.1315789474     0.0000000000     0.5000000000 1
    0.1403508772     0.0000000000     0.5000000000 1
    0.1491228070     0.0000000000     0.5000000000 1
    0.1578947368     0.0000000000     0.5000000000 1
    0.1666666667     0.0000000000     0.5000000000 1
    0.1754385965     0.0000000000     0.5000000000 1
    0.1842105263     0.0000000000     0.5000000000 1
    0.1929824561     0.0000000000     0.5000000000 1
    0.2017543860     0.0000000000     0.5000000000 1
    0.2105263158     0.0000000000     0.5000000000 1
    0.2192982456     0.0000000000     0.5000000000 1
    0.2280701754     0.0000000000     0.5000000000 1
    0.2368421053     0.0000000000     0.5000000000 1
    0.2456140351     0.0000000000     0.5000000000 1
    0.2543859649     0.0000000000     0.5000000000 1
    0.2631578947     0.0000000000     0.5000000000 1
    0.2719298246     0.0000000000     0.5000000000 1
    0.2807017544     0.0000000000     0.5000000000 1
    0.2894736842     0.0000000000     0.5000000000 1
    0.2982456140     0.0000000000     0.5000000000 1
    0.3070175439     0.0000000000     0.5000000000 1
    0.3157894737     0.0000000000     0.5000000000 1
    0.3245614035     0.0000000000     0.5000000000 1
    0.3333333333     0.0000000000     0.5000000000 1
    0.3421052632     0.0000000000     0.5000000000 1
    0.3508771930     0.0000000000     0.5000000000 1
    0.3596491228     0.0000000000     0.5000000000 1
    0.3684210526     0.0000000000     0.5000000000 1
    0.3771929825     0.0000000000     0.5000000000 1
    0.3859649123     0.0000000000     0.5000000000 1
    0.3947368421     0.0000000000     0.5000000000 1
    0.4035087719     0.0000000000     0.5000000000 1
    0.4122807018     0.0000000000     0.5000000000 1
    0.4210526316     0.0000000000     0.5000000000 1
    0.4298245614     0.0000000000     0.5000000000 1
    0.4385964912     0.0000000000     0.5000000000 1
    0.4473684211     0.0000000000     0.5000000000 1
    0.4561403509     0.0000000000     0.5000000000 1
    0.4649122807     0.0000000000     0.5000000000 1
    0.4736842105     0.0000000000     0.5000000000 1
    0.4824561404     0.0000000000     0.5000000000 1
    0.4912280702     0.0000000000     0.5000000000 1
    0.5000000000     0.0000000000     0.5000000000 1
    0.4947916667     0.0104166667     0.5000000000 1
    0.4895833333     0.0208333333     0.5000000000 1
    0.4843750000     0.0312500000     0.5000000000 1
    0.4791666667     0.0416666667     0.5000000000 1
    0.4739583333     0.0520833333     0.5000000000 1
    0.4687500000     0.0625000000     0.5000000000 1
    0.4635416667     0.0729166667     0.5000000000 1
    0.4583333333     0.0833333333     0.5000000000 1
    0.4531250000     0.0937500000     0.5000000000 1
    0.4479166667     0.1041666667     0.5000000000 1
    0.4427083333     0.1145833333     0.5000000000 1
    0.4375000000     0.1250000000     0.5000000000 1
    0.4322916667     0.1354166667     0.5000000000 1
    0.4270833333     0.1458333333     0.5000000000 1
    0.4218750000     0.1562500000     0.5000000000 1
    0.4166666667     0.1666666667     0.5000000000 1
    0.4114583333     0.1770833333     0.5000000000 1
    0.4062500000     0.1875000000     0.5000000000 1
    0.4010416667     0.1979166667     0.5000000000 1
    0.3958333333     0.2083333333     0.5000000000 1
    0.3906250000     0.2187500000     0.5000000000 1
    0.3854166667     0.2291666667     0.5000000000 1
    0.3802083333     0.2395833333     0.5000000000 1
    0.3750000000     0.2500000000     0.5000000000 1
    0.3697916667     0.2604166667     0.5000000000 1
    0.3645833333     0.2708333333     0.5000000000 1
    0.3593750000     0.2812500000     0.5000000000 1
    0.3541666667     0.2916666667     0.5000000000 1
    0.3489583333     0.3020833333     0.5000000000 1
    0.3437500000     0.3125000000     0.5000000000 1
    0.3385416667     0.3229166667     0.5000000000 1
    0.3333333333     0.3333333333     0.5000000000 1
    0.3282828283     0.3282828283     0.5000000000 1
    0.3232323232     0.3232323232     0.5000000000 1
    0.3181818182     0.3181818182     0.5000000000 1
    0.3131313131     0.3131313131     0.5000000000 1
    0.3080808081     0.3080808081     0.5000000000 1
    0.3030303030     0.3030303030     0.5000000000 1
    0.2979797980     0.2979797980     0.5000000000 1
    0.2929292929     0.2929292929     0.5000000000 1
    0.2878787879     0.2878787879     0.5000000000 1
    0.2828282828     0.2828282828     0.5000000000 1
    0.2777777778     0.2777777778     0.5000000000 1
    0.2727272727     0.2727272727     0.5000000000 1
    0.2676767677     0.2676767677     0.5000000000 1
    0.2626262626     0.2626262626     0.5000000000 1
    0.2575757576     0.2575757576     0.5000000000 1
    0.2525252525     0.2525252525     0.5000000000 1
    0.2474747475     0.2474747475     0.5000000000 1
    0.2424242424     0.2424242424     0.5000000000 1
    0.2373737374     0.2373737374     0.5000000000 1
    0.2323232323     0.2323232323     0.5000000000 1
    0.2272727273     0.2272727273     0.5000000000 1
    0.2222222222     0.2222222222     0.5000000000 1
    0.2171717172     0.2171717172     0.5000000000 1
    0.2121212121     0.2121212121     0.5000000000 1
    0.2070707071     0.2070707071     0.5000000000 1
    0.2020202020     0.2020202020     0.5000000000 1
    0.1969696970     0.1969696970     0.5000000000 1
    0.1919191919     0.1919191919     0.5000000000 1
    0.1868686869     0.1868686869     0.5000000000 1
    0.1818181818     0.1818181818     0.5000000000 1
    0.1767676768     0.1767676768     0.5000000000 1
    0.1717171717     0.1717171717     0.5000000000 1
    0.1666666667     0.1666666667     0.5000000000 1
    0.1616161616     0.1616161616     0.5000000000 1
    0.1565656566     0.1565656566     0.5000000000 1
    0.1515151515     0.1515151515     0.5000000000 1
    0.1464646465     0.1464646465     0.5000000000 1
    0.1414141414     0.1414141414     0.5000000000 1
    0.1363636364     0.1363636364     0.5000000000 1
    0.1313131313     0.1313131313     0.5000000000 1
    0.1262626263     0.1262626263     0.5000000000 1
    0.1212121212     0.1212121212     0.5000000000 1
    0.1161616162     0.1161616162     0.5000000000 1
    0.1111111111     0.1111111111     0.5000000000 1
    0.1060606061     0.1060606061     0.5000000000 1
    0.1010101010     0.1010101010     0.5000000000 1
    0.0959595960     0.0959595960     0.5000000000 1
    0.0909090909     0.0909090909     0.5000000000 1
    0.0858585859     0.0858585859     0.5000000000 1
    0.0808080808     0.0808080808     0.5000000000 1
    0.0757575758     0.0757575758     0.5000000000 1
    0.0707070707     0.0707070707     0.5000000000 1
    0.0656565657     0.0656565657     0.5000000000 1
    0.0606060606     0.0606060606     0.5000000000 1
    0.0555555556     0.0555555556     0.5000000000 1
    0.0505050505     0.0505050505     0.5000000000 1
    0.0454545455     0.0454545455     0.5000000000 1
    0.0404040404     0.0404040404     0.5000000000 1
    0.0353535354     0.0353535354     0.5000000000 1
    0.0303030303     0.0303030303     0.5000000000 1
    0.0252525253     0.0252525253     0.5000000000 1
    0.0202020202     0.0202020202     0.5000000000 1
    0.0151515152     0.0151515152     0.5000000000 1
    0.0101010101     0.0101010101     0.5000000000 1
    0.0050505051     0.0050505051     0.5000000000 1
    0.0000000000     0.0000000000     0.5000000000 1
    0.5000000000     0.0000000000     0.5000000000 1
    0.5000000000     0.0000000000     0.4285714286 1
    0.5000000000     0.0000000000     0.3571428571 1
    0.5000000000     0.0000000000     0.2857142857 1
    0.5000000000     0.0000000000     0.2142857143 1
    0.5000000000     0.0000000000     0.1428571429 1
    0.5000000000     0.0000000000     0.0714285714 1
    0.5000000000     0.0000000000     0.0000000000 1
    0.3333333333     0.3333333333     0.5000000000 1
    0.3333333333     0.3333333333     0.4285714286 1
    0.3333333333     0.3333333333     0.3571428571 1
    0.3333333333     0.3333333333     0.2857142857 1
    0.3333333333     0.3333333333     0.2142857143 1
    0.3333333333     0.3333333333     0.1428571429 1
    0.3333333333     0.3333333333     0.0714285714 1
    0.3333333333     0.3333333333     0.0000000000 1
